Using defaults initial nominal = 100.0, noise = 5.0
For other settings use java Simulation <nom> <noise>
faulty sensor @: 3 
  97.09 (100.0): -2.9 97.1   0.0
 103.96 ( 99.0):  5.0 100.5   2.4
  98.86 ( 98.0):  0.9 100.0   0.6
  95.38 ( 99.0): -3.6 98.8   1.7
  97.62 (100.0): -2.4 98.6   0.4
 102.02 (101.0):  1.0 99.2   1.2
  97.90 (102.0): -4.1 99.0   0.4
 101.65 (101.0):  0.7 99.3   0.8
  98.30 (100.0): -1.7 99.2   0.3
 101.23 (101.0):  0.2 99.4   0.6
  88.36 (100.0): -11.6 98.4   3.0
  94.89 (101.0): -6.1 98.1   0.9
 105.24 (100.0):  5.2 98.7   1.8
  95.48 ( 99.0): -3.5 98.4   0.8
 100.64 ( 98.0):  2.6 98.6   0.5
 100.18 ( 99.0):  1.2 98.7   0.4
  98.56 ( 98.0):  0.6 98.7   0.0
  96.95 ( 97.0): -0.1 98.6   0.4
  97.19 ( 98.0): -0.8 98.5   0.3
 100.19 ( 99.0):  1.2 98.6   0.4
  94.19 ( 98.0): -3.8 98.4   0.9
  95.39 ( 97.0): -1.6 98.2   0.6
  96.18 ( 98.0): -1.8 98.2   0.4
  98.34 ( 99.0): -0.7 98.2   0.0
 106.11 (100.0):  6.1 98.5   1.5
  85.11 ( 99.0): -13.9 98.0   2.5
  86.95 (100.0): -13.1 97.6   2.0
  91.05 (101.0): -10.0 97.3   1.2
  89.64 (102.0): -12.4 97.1   1.4
 100.81 (101.0): -0.2 97.2   0.7
 104.29 (102.0):  2.3 97.4   1.2
 102.89 (101.0):  1.9 97.6   0.9
  99.17 (102.0): -2.8 97.6   0.3
 103.23 (101.0):  2.2 97.8   0.9
 100.11 (100.0):  0.1 97.9   0.4
  87.27 (101.0): -13.7 97.6   1.7
  94.69 (100.0): -5.3 97.5   0.5
  87.13 (101.0): -13.9 97.2   1.6
  96.67 (100.0): -3.3 97.2   0.1
 102.00 (101.0):  1.0 97.3   0.7
 101.48 (100.0):  1.5 97.4   0.6
  98.69 (101.0): -2.3 97.5   0.2
 103.10 (100.0):  3.1 97.6   0.8
  98.59 ( 99.0): -0.4 97.6   0.1
  99.37 (100.0): -0.6 97.6   0.3
  99.14 ( 99.0):  0.1 97.7   0.2
 103.54 (100.0):  3.5 97.8   0.8
  86.71 (101.0): -14.3 97.6   1.6
  87.33 (100.0): -12.7 97.4   1.4
  86.79 ( 99.0): -12.2 97.2   1.5
  88.90 (100.0): -11.1 97.0   1.1
  89.19 (101.0): -11.8 96.8   1.1
  91.05 (100.0): -8.9 96.7   0.8
 103.40 ( 99.0):  4.4 96.9   0.9
  97.45 ( 98.0): -0.5 96.9   0.1
  93.38 ( 97.0): -3.6 96.8   0.5
  93.54 ( 98.0): -4.5 96.7   0.4
  97.29 ( 97.0):  0.3 96.8   0.1
  94.31 ( 98.0): -3.7 96.7   0.3
  99.47 ( 99.0):  0.5 96.8   0.4
  98.45 ( 98.0):  0.4 96.8   0.2
  94.27 ( 97.0): -2.7 96.7   0.3
 100.12 ( 98.0):  2.1 96.8   0.4
 100.43 ( 99.0):  1.4 96.9   0.4
  98.42 (100.0): -1.6 96.9   0.2
 101.59 (101.0):  0.6 97.0   0.6
 101.21 (102.0): -0.8 97.0   0.5
 100.92 (101.0): -0.1 97.1   0.5
 104.56 (102.0):  2.6 97.2   0.9
 103.19 (103.0):  0.2 97.3   0.7
 104.01 (104.0):  0.0 97.4   0.8
 104.79 (105.0): -0.2 97.5   0.9
  94.00 (106.0): -12.0 97.4   0.4
  90.63 (105.0): -14.4 97.3   0.8
  86.48 (104.0): -17.5 97.2   1.2
  89.97 (103.0): -13.0 97.1   0.8
  92.10 (104.0): -11.9 97.0   0.6
 102.87 (103.0): -0.1 97.1   0.7
  99.00 (102.0): -3.0 97.1   0.2
 102.52 (101.0):  1.5 97.2   0.6
 101.98 (100.0):  2.0 97.2   0.5
  99.65 (101.0): -1.3 97.3   0.3
 105.27 (102.0):  3.3 97.4   0.9
 104.07 (101.0):  3.1 97.5   0.7
 102.96 (100.0):  3.0 97.5   0.6
 101.55 ( 99.0):  2.6 97.6   0.4
  87.99 (100.0): -12.0 97.5   1.0
  87.54 ( 99.0): -11.5 97.3   1.0
  85.72 (100.0): -14.3 97.2   1.2
 101.53 (101.0):  0.5 97.3   0.4
  98.47 (100.0): -1.5 97.3   0.1
  99.11 ( 99.0):  0.1 97.3   0.2
  89.51 (100.0): -10.5 97.2   0.8
  89.16 ( 99.0): -9.8 97.1   0.8
 101.56 (100.0):  1.6 97.2   0.5
 101.79 (101.0):  0.8 97.2   0.5
  95.25 (100.0): -4.8 97.2   0.2
 102.33 ( 99.0):  3.3 97.3   0.5
  99.36 ( 98.0):  1.4 97.3   0.2
 102.93 ( 99.0):  3.9 97.3   0.6
  95.86 ( 98.0): -2.1 97.3   0.1
  93.20 ( 99.0): -5.8 97.3   0.4
 100.18 (100.0):  0.2 97.3   0.3
 102.50 (101.0):  1.5 97.4   0.5
  98.23 (102.0): -3.8 97.4   0.1
  98.56 (103.0): -4.4 97.4   0.1
 105.61 (104.0):  1.6 97.4   0.8
 100.92 (105.0): -4.1 97.5   0.3
 103.73 (106.0): -2.3 97.5   0.6
 105.43 (107.0): -1.6 97.6   0.7
 108.50 (108.0):  0.5 97.7   1.0
 113.19 (109.0):  4.2 97.8   1.5
 108.76 (110.0): -1.2 97.9   1.0
 114.42 (109.0):  5.4 98.1   1.5
 106.47 (108.0): -1.5 98.2   0.8
 107.64 (107.0):  0.6 98.2   0.9
 106.45 (108.0): -1.5 98.3   0.8
 109.58 (107.0):  2.6 98.4   1.0
 104.17 (108.0): -3.8 98.5   0.5
 109.32 (109.0):  0.3 98.5   1.0
 104.35 (108.0): -3.6 98.6   0.5
 109.26 (107.0):  2.3 98.7   1.0
 107.70 (106.0):  1.7 98.8   0.8
  92.95 (107.0): -14.0 98.7   0.5
  91.90 (106.0): -14.1 98.7   0.6
  94.24 (107.0): -12.8 98.6   0.4
  92.05 (106.0): -14.0 98.6   0.6
  92.76 (105.0): -12.2 98.5   0.5
  92.14 (106.0): -13.9 98.5   0.6
  93.58 (107.0): -13.4 98.4   0.4
  89.73 (108.0): -18.3 98.4   0.8
  93.62 (107.0): -13.4 98.3   0.4
  95.39 (106.0): -10.6 98.3   0.3
  88.76 (105.0): -16.2 98.2   0.8
  93.45 (104.0): -10.5 98.2   0.4
  88.93 (105.0): -16.1 98.1   0.8
  92.51 (104.0): -11.5 98.1   0.5
  90.43 (105.0): -14.6 98.0   0.6
  92.17 (104.0): -11.8 98.0   0.5
 106.01 (105.0):  1.0 98.1   0.7
 101.48 (104.0): -2.5 98.1   0.3
 102.44 (103.0): -0.6 98.1   0.4
 104.55 (104.0):  0.6 98.2   0.5
 106.80 (105.0):  1.8 98.2   0.7
 100.66 (104.0): -3.3 98.2   0.2
 103.91 (105.0): -1.1 98.3   0.5
 109.06 (106.0):  3.1 98.3   0.9
 106.14 (105.0):  1.1 98.4   0.6
 103.19 (104.0): -0.8 98.4   0.4
 106.39 (105.0):  1.4 98.5   0.6
 106.34 (106.0):  0.3 98.5   0.6
 103.55 (105.0): -1.4 98.6   0.4
 105.79 (106.0): -0.2 98.6   0.6
 105.89 (107.0): -1.1 98.7   0.6
 104.63 (106.0): -1.4 98.7   0.5
 103.52 (105.0): -1.5 98.7   0.4
 101.87 (104.0): -2.1 98.8   0.2
 101.34 (103.0): -1.7 98.8   0.2
 102.46 (102.0):  0.5 98.8   0.3
 104.16 (101.0):  3.2 98.8   0.4
 106.67 (102.0):  4.7 98.9   0.6
 102.18 (101.0):  1.2 98.9   0.3
  96.59 (100.0): -3.4 98.9   0.2
 100.75 ( 99.0):  1.7 98.9   0.1
  99.55 ( 98.0):  1.5 98.9   0.1
  97.36 ( 97.0):  0.4 98.9   0.1
  94.10 ( 98.0): -3.9 98.9   0.4
  97.33 ( 99.0): -1.7 98.8   0.1
  83.59 ( 98.0): -14.4 98.8   1.2
  86.67 ( 97.0): -10.3 98.7   0.9
  81.58 ( 98.0): -16.4 98.6   1.3
  87.83 ( 99.0): -11.2 98.5   0.8
  90.15 ( 98.0): -7.8 98.5   0.6
  90.30 ( 99.0): -8.7 98.4   0.6
  88.32 ( 98.0): -9.7 98.4   0.8
  86.52 ( 99.0): -12.5 98.3   0.9
  85.44 (100.0): -14.6 98.2   1.0
  92.83 (101.0): -8.2 98.2   0.4
  88.25 (102.0): -13.8 98.1   0.7
  87.59 (101.0): -13.4 98.1   0.8
  86.29 (100.0): -13.7 98.0   0.9
 100.12 (101.0): -0.9 98.0   0.2
 102.43 (102.0):  0.4 98.1   0.3
 104.68 (103.0):  1.7 98.1   0.5
 103.24 (104.0): -0.8 98.1   0.4
 102.49 (103.0): -0.5 98.1   0.3
 105.42 (104.0):  1.4 98.2   0.5
 100.99 (105.0): -4.0 98.2   0.2
 101.19 (104.0): -2.8 98.2   0.2
 103.60 (103.0):  0.6 98.2   0.4
 101.69 (102.0): -0.3 98.3   0.2
 103.06 (103.0):  0.1 98.3   0.3
 102.40 (104.0): -1.6 98.3   0.3
 104.10 (105.0): -0.9 98.3   0.4
 109.03 (104.0):  5.0 98.4   0.8
 105.29 (105.0):  0.3 98.4   0.5
 105.13 (106.0): -0.9 98.5   0.5
 105.07 (105.0):  0.1 98.5   0.5
 103.76 (104.0): -0.2 98.5   0.4
 104.33 (103.0):  1.3 98.5   0.4
  99.43 (102.0): -2.6 98.6   0.1
 103.03 (103.0):  0.0 98.6   0.3
 101.59 (102.0): -0.4 98.6   0.2
 103.03 (103.0):  0.0 98.6   0.3
 102.10 (102.0):  0.1 98.6   0.2
 101.72 (103.0): -1.3 98.6   0.2
  99.71 (102.0): -2.3 98.6   0.1
 105.70 (101.0):  4.7 98.7   0.5
  97.37 (100.0): -2.6 98.7   0.1
  99.50 ( 99.0):  0.5 98.7   0.1
  99.68 ( 98.0):  1.7 98.7   0.1
  98.57 ( 99.0): -0.4 98.7   0.0
  96.13 ( 98.0): -1.9 98.7   0.2
 101.18 ( 97.0):  4.2 98.7   0.2
  93.17 ( 96.0): -2.8 98.7   0.4
  97.42 ( 95.0):  2.4 98.7   0.1
  93.22 ( 94.0): -0.8 98.6   0.4
  94.48 ( 93.0):  1.5 98.6   0.3
  89.78 ( 94.0): -4.2 98.6   0.6
  96.80 ( 93.0):  3.8 98.6   0.1
  95.67 ( 94.0):  1.7 98.5   0.2
  94.85 ( 93.0):  1.9 98.5   0.2
  92.19 ( 94.0): -1.8 98.5   0.4
  95.19 ( 95.0):  0.2 98.5   0.2
  92.81 ( 94.0): -1.2 98.5   0.4
  88.30 ( 95.0): -6.7 98.4   0.7
  95.01 ( 94.0):  1.0 98.4   0.2
  94.03 ( 93.0):  1.0 98.4   0.3
  94.05 ( 94.0):  0.0 98.4   0.3
  89.91 ( 93.0): -3.1 98.3   0.6
